[gd_scene load_steps=13 format=3 uid="uid://ddmlaq0toslu2"]

[ext_resource type="PackedScene" uid="uid://dpdyvqyi3u2x7" path="res://Scenes/player.tscn" id="1_b63kr"]
[ext_resource type="Script" path="res://Scripts/Dummy.cs" id="2_pejnx"]
[ext_resource type="Script" path="res://Scripts/Window.cs" id="3_qskyf"]
[ext_resource type="PackedScene" uid="uid://ddskmerpugecg" path="res://Scenes/zombie.tscn" id="4_khtyv"]

[sub_resource type="ProceduralSkyMaterial" id="ProceduralSkyMaterial_x3ct3"]
sky_horizon_color = Color(0.64625, 0.65575, 0.67075, 1)
ground_horizon_color = Color(0.64625, 0.65575, 0.67075, 1)

[sub_resource type="Sky" id="Sky_452v2"]
sky_material = SubResource("ProceduralSkyMaterial_x3ct3")

[sub_resource type="Environment" id="Environment_p0es7"]
background_mode = 2
sky = SubResource("Sky_452v2")
tonemap_mode = 2
glow_enabled = true

[sub_resource type="StandardMaterial3D" id="StandardMaterial3D_vj7hm"]
albedo_color = Color(0.0263726, 0.398937, 6.73831e-07, 1)

[sub_resource type="CapsuleMesh" id="CapsuleMesh_v1she"]
material = SubResource("StandardMaterial3D_vj7hm")

[sub_resource type="CapsuleShape3D" id="CapsuleShape3D_dccrf"]

[sub_resource type="BoxShape3D" id="BoxShape3D_nlfxw"]
size = Vector3(1, 3.33105, 2.18994)

[sub_resource type="StandardMaterial3D" id="StandardMaterial3D_fipho"]
albedo_color = Color(0.383896, 0.148163, 0.0411139, 1)

[node name="World" type="Node3D"]

[node name="WorldEnvironment" type="WorldEnvironment" parent="."]
environment = SubResource("Environment_p0es7")

[node name="DirectionalLight3D" type="DirectionalLight3D" parent="."]
transform = Transform3D(-0.866025, -0.433013, 0.25, 0, 0.5, 0.866025, -0.5, 0.75, -0.433013, 0, 0, 0)
shadow_enabled = true

[node name="CSGBox3D" type="CSGBox3D" parent="."]
transform = Transform3D(1, 0, 0, 0, 1, 0, 0, 0, 1, 2.0574, 0.0247498, 0.328576)
use_collision = true
size = Vector3(33.3808, 0.0464478, 38.843)

[node name="Player" parent="." instance=ExtResource("1_b63kr")]
transform = Transform3D(1, 0, 0, 0, 1, 0, 0, 0, 1, 0, 2.1159, 0)

[node name="Dummy" type="CharacterBody3D" parent="." groups=["enemy"]]
script = ExtResource("2_pejnx")

[node name="MeshInstance3D" type="MeshInstance3D" parent="Dummy"]
transform = Transform3D(1, 0, 0, 0, 1, 0, 0, 0, 1, 0, 1.8463, -5.23539)
mesh = SubResource("CapsuleMesh_v1she")
skeleton = NodePath("../..")

[node name="CollisionShape3D" type="CollisionShape3D" parent="Dummy"]
transform = Transform3D(1, 0, 0, 0, 1, 0, 0, 0, 1, 0, 1.8463, -5.23539)
shape = SubResource("CapsuleShape3D_dccrf")

[node name="Dummy2" type="CharacterBody3D" parent="." groups=["enemy"]]
transform = Transform3D(1, 0, 0, 0, 1, 0, 0, 0, 1, 2.39534, 0, 0)
script = ExtResource("2_pejnx")

[node name="MeshInstance3D" type="MeshInstance3D" parent="Dummy2"]
transform = Transform3D(1, 0, 0, 0, 1, 0, 0, 0, 1, 0, 1.8463, -5.23539)
mesh = SubResource("CapsuleMesh_v1she")
skeleton = NodePath("../..")

[node name="CollisionShape3D" type="CollisionShape3D" parent="Dummy2"]
transform = Transform3D(1, 0, 0, 0, 1, 0, 0, 0, 1, 0, 1.8463, -5.23539)
shape = SubResource("CapsuleShape3D_dccrf")

[node name="Dummy3" type="CharacterBody3D" parent="." groups=["enemy"]]
transform = Transform3D(1, 0, 0, 0, 1, 0, 0, 0, 1, -3.94285, 0, 0)
script = ExtResource("2_pejnx")

[node name="MeshInstance3D" type="MeshInstance3D" parent="Dummy3"]
transform = Transform3D(1, 0, 0, 0, 1, 0, 0, 0, 1, 0, 1.8463, -5.23539)
mesh = SubResource("CapsuleMesh_v1she")
skeleton = NodePath("../..")

[node name="CollisionShape3D" type="CollisionShape3D" parent="Dummy3"]
transform = Transform3D(1, 0, 0, 0, 1, 0, 0, 0, 1, 0, 1.8463, -5.23539)
shape = SubResource("CapsuleShape3D_dccrf")

[node name="Window" type="StaticBody3D" parent="."]
script = ExtResource("3_qskyf")

[node name="CollisionShape3D" type="CollisionShape3D" parent="Window"]
transform = Transform3D(1, 0, 0, 0, 1, 0, 0, 0, 1, -6.51525, 1.16553, -0.0695801)
shape = SubResource("BoxShape3D_nlfxw")

[node name="CSGBox3D" type="CSGBox3D" parent="Window"]
transform = Transform3D(1, 0, 0, 0, 1, 0, 0, 0, 1, -6.39289, 0.468593, 0.0559998)
size = Vector3(0.524292, 0.840698, 1.5484)

[node name="CSGBox3D4" type="CSGBox3D" parent="Window"]
transform = Transform3D(1, 0, 0, 0, 1, 0, 0, 0, 1, -6.39289, 2.39843, 0.0559998)
size = Vector3(0.524292, 0.840698, 1.5484)

[node name="CSGBox3D2" type="CSGBox3D" parent="Window"]
transform = Transform3D(1, 0, 0, 0, 1, 0, 0, 0, 1, -6.39289, 1.44795, 0.687309)
size = Vector3(0.524292, 1.15082, 0.285782)

[node name="CSGBox3D3" type="CSGBox3D" parent="Window"]
transform = Transform3D(1, 0, 0, 0, 1, 0, 0, 0, 1, -6.39289, 1.43916, -0.569906)
size = Vector3(0.524292, 1.13324, 0.285782)

[node name="Planks" type="Node3D" parent="Window"]

[node name="CSGBox3D" type="CSGBox3D" parent="Window/Planks"]
transform = Transform3D(1, 0, 0, 0, 0.968021, 0.25087, 0, -0.25087, 0.968021, -6.33134, 1.09195, 0.0548424)
visible = false
size = Vector3(0.108887, 0.252563, 1)
material = SubResource("StandardMaterial3D_fipho")

[node name="CSGBox3D2" type="CSGBox3D" parent="Window/Planks"]
transform = Transform3D(1, 0, 0, 0, 0.968021, 0.25087, 0, -0.25087, 0.968021, -6.33134, 1.42317, 0.0548424)
visible = false
size = Vector3(0.108887, 0.252563, 1)
material = SubResource("StandardMaterial3D_fipho")

[node name="CSGBox3D3" type="CSGBox3D" parent="Window/Planks"]
transform = Transform3D(1, 0, 0, 0, 0.968021, 0.25087, 0, -0.25087, 0.968021, -6.33134, 1.74492, 0.0548424)
visible = false
size = Vector3(0.108887, 0.252563, 1)
material = SubResource("StandardMaterial3D_fipho")

[node name="CSGBox3D5" type="CSGBox3D" parent="Window/Planks"]
transform = Transform3D(1, 0, 0, 0, 0.961961, -0.273187, 0, 0.273187, 0.961961, -6.28774, 1.63384, 0.0782339)
visible = false
size = Vector3(0.108887, 0.252563, 1)
material = SubResource("StandardMaterial3D_fipho")

[node name="CSGBox3D6" type="CSGBox3D" parent="Window/Planks"]
transform = Transform3D(1, 0, 0, 0, 0.983054, -0.183317, 0, 0.183317, 0.983054, -6.28774, 1.23589, 0.0583454)
visible = false
size = Vector3(0.108887, 0.252563, 1)
material = SubResource("StandardMaterial3D_fipho")

[node name="Window2" type="StaticBody3D" parent="."]
transform = Transform3D(1, 0, 0, 0, 1, 0, 0, 0, 1, 0, 0, 6.72711)
script = ExtResource("3_qskyf")

[node name="CollisionShape3D" type="CollisionShape3D" parent="Window2"]
transform = Transform3D(1, 0, 0, 0, 1, 0, 0, 0, 1, -6.51525, 1.16553, -0.0695801)
shape = SubResource("BoxShape3D_nlfxw")

[node name="CSGBox3D" type="CSGBox3D" parent="Window2"]
transform = Transform3D(1, 0, 0, 0, 1, 0, 0, 0, 1, -6.39289, 0.468593, 0.0559998)
size = Vector3(0.524292, 0.840698, 1.5484)

[node name="CSGBox3D4" type="CSGBox3D" parent="Window2"]
transform = Transform3D(1, 0, 0, 0, 1, 0, 0, 0, 1, -6.39289, 2.39843, 0.0559998)
size = Vector3(0.524292, 0.840698, 1.5484)

[node name="CSGBox3D2" type="CSGBox3D" parent="Window2"]
transform = Transform3D(1, 0, 0, 0, 1, 0, 0, 0, 1, -6.39289, 1.44795, 0.687309)
size = Vector3(0.524292, 1.15082, 0.285782)

[node name="CSGBox3D3" type="CSGBox3D" parent="Window2"]
transform = Transform3D(1, 0, 0, 0, 1, 0, 0, 0, 1, -6.39289, 1.43916, -0.569906)
size = Vector3(0.524292, 1.13324, 0.285782)

[node name="Planks" type="Node3D" parent="Window2"]

[node name="CSGBox3D" type="CSGBox3D" parent="Window2/Planks"]
transform = Transform3D(1, 0, 0, 0, 0.968021, 0.25087, 0, -0.25087, 0.968021, -6.33134, 1.09195, 0.0548424)
visible = false
size = Vector3(0.108887, 0.252563, 1)
material = SubResource("StandardMaterial3D_fipho")

[node name="CSGBox3D2" type="CSGBox3D" parent="Window2/Planks"]
transform = Transform3D(1, 0, 0, 0, 0.968021, 0.25087, 0, -0.25087, 0.968021, -6.33134, 1.42317, 0.0548424)
visible = false
size = Vector3(0.108887, 0.252563, 1)
material = SubResource("StandardMaterial3D_fipho")

[node name="CSGBox3D3" type="CSGBox3D" parent="Window2/Planks"]
transform = Transform3D(1, 0, 0, 0, 0.968021, 0.25087, 0, -0.25087, 0.968021, -6.33134, 1.74492, 0.0548424)
visible = false
size = Vector3(0.108887, 0.252563, 1)
material = SubResource("StandardMaterial3D_fipho")

[node name="CSGBox3D5" type="CSGBox3D" parent="Window2/Planks"]
transform = Transform3D(1, 0, 0, 0, 0.961961, -0.273187, 0, 0.273187, 0.961961, -6.28774, 1.63384, 0.0782339)
visible = false
size = Vector3(0.108887, 0.252563, 1)
material = SubResource("StandardMaterial3D_fipho")

[node name="CSGBox3D6" type="CSGBox3D" parent="Window2/Planks"]
transform = Transform3D(1, 0, 0, 0, 0.983054, -0.183317, 0, 0.183317, 0.983054, -6.28774, 1.23589, 0.0583454)
visible = false
size = Vector3(0.108887, 0.252563, 1)
material = SubResource("StandardMaterial3D_fipho")

[node name="Zombie" parent="." instance=ExtResource("4_khtyv")]
transform = Transform3D(1, 0, 0, 0, 1, 0, 0, 0, 1, 5.51527, 2.46579, 0)
